alpha: 0.3732997051429145
beta: 0.21922475087307833
gamma: 0.5722234286709966
delta: 0.16198885769948965