alpha: 0.8176874160979369​

beta: 0.3111515495834368​

gamma: 0.23060386126072924​

delta: 0.0953110759702762