alpha: 0.41249895783009705​

beta: 0.1336725742713364​

gamma: 0.313269702902366​

delta: 0.09043166623139054